0 0.368750 0.291204 0.118750 0.163889
0 0.377604 0.579630 0.097917 0.409259
0 0.421094 0.527778 0.049479 0.174074
0 0.512240 0.573148 0.092188 0.257407
0 0.462240 0.768056 0.078646 0.347222
0 0.555208 0.790278 0.122917 0.417593
0 0.613021 0.670833 0.112500 0.391667
0 0.654948 0.569444 0.142187 0.524074
0 0.708073 0.585185 0.133854 0.385185
0 0.763281 0.313889 0.082812 0.346296
0 0.823698 0.765278 0.103646 0.175000
0 0.703385 0.868519 0.165104 0.261111
0 0.557031 0.197685 0.124479 0.258333